gas,CO,hydrogen,class
211.00,148.00,336.00,1
208.00,146.00,334.00,1
208.00,147.00,335.00,1
208.00,147.00,335.00,1
207.00,147.00,334.00,1
208.00,147.00,335.00,1
207.00,147.00,334.00,1
206.00,146.00,333.00,1
205.00,146.00,332.00,1
204.00,146.00,332.00,1
203.00,146.00,331.00,1
202.00,145.00,329.00,1
201.00,145.00,329.00,1
208.00,152.00,334.00,1
206.00,151.00,332.00,1
204.00,149.00,331.00,1
204.00,149.00,331.00,1
200.00,144.00,322.00,1
202.00,148.00,330.00,1
193.00,141.00,318.00,1
187.00,137.00,307.00,1
188.00,136.00,306.00,1
189.00,137.00,307.00,1
187.00,136.00,302.00,1
193.00,140.00,309.00,1
195.00,141.00,310.00,1
196.00,140.00,310.00,1
197.00,140.00,310.00,1
198.00,140.00,310.00,1
198.00,140.00,310.00,1
197.00,140.00,311.00,1
191.00,140.00,311.00,1
189.00,140.00,312.00,1
200.00,141.00,312.00,1
206.00,141.00,312.00,1
208.00,141.00,312.00,1
205.00,140.00,312.00,1
207.00,141.00,310.00,1
208.00,140.00,310.00,1
210.00,140.00,311.00,1
210.00,140.00,310.00,1
210.00,139.00,310.00,1
209.00,139.00,310.00,1
209.00,140.00,310.00,1
208.00,139.00,309.00,1
208.00,139.00,310.00,1
208.00,139.00,309.00,1
205.00,139.00,309.00,1
207.00,139.00,309.00,1
209.00,139.00,309.00,1
210.00,141.00,309.00,1
210.00,141.00,309.00,1
210.00,140.00,308.00,1
209.00,139.00,308.00,1
209.00,139.00,308.00,1
210.00,139.00,308.00,1
208.00,140.00,308.00,1
209.00,139.00,308.00,1
210.00,139.00,307.00,1
209.00,138.00,307.00,1
210.00,139.00,307.00,1
210.00,138.00,307.00,1
210.00,138.00,306.00,1
210.00,138.00,307.00,1
211.00,139.00,307.00,1
211.00,139.00,307.00,1
211.00,139.00,307.00,1
211.00,139.00,306.00,1
201.00,138.00,306.00,1
192.00,139.00,306.00,1
205.00,138.00,304.00,1
215.00,141.00,306.00,1
218.00,140.00,306.00,1
219.00,140.00,306.00,1
219.00,141.00,307.00,1
220.00,142.00,308.00,1
219.00,142.00,306.00,1
218.00,141.00,306.00,1
218.00,141.00,306.00,1
218.00,141.00,306.00,1
217.00,141.00,305.00,1
217.00,141.00,305.00,1
217.00,141.00,305.00,1
216.00,141.00,305.00,1
216.00,140.00,305.00,1
216.00,140.00,305.00,1
216.00,140.00,305.00,1
215.00,140.00,304.00,1
215.00,140.00,304.00,1
214.00,140.00,304.00,1
214.00,140.00,304.00,1
214.00,140.00,304.00,1
215.00,140.00,303.00,1
215.00,139.00,303.00,1
215.00,140.00,303.00,1
215.00,140.00,303.00,1
213.00,140.00,303.00,1
214.00,139.00,303.00,1
215.00,140.00,303.00,1
214.00,139.00,302.00,1
214.00,139.00,302.00,1
213.00,136.00,299.00,1
210.00,132.00,297.00,1
216.00,140.00,303.00,1
215.00,139.00,302.00,1
215.00,139.00,302.00,1
215.00,139.00,302.00,1
214.00,139.00,301.00,1
212.00,140.00,302.00,1
213.00,139.00,301.00,1
214.00,139.00,301.00,1
214.00,139.00,301.00,1
214.00,139.00,301.00,1
210.00,138.00,300.00,1
214.00,139.00,300.00,1
215.00,138.00,300.00,1
215.00,139.00,300.00,1
216.00,138.00,300.00,1
217.00,139.00,300.00,1
217.00,139.00,300.00,1
215.00,139.00,300.00,1
216.00,138.00,300.00,1
218.00,138.00,299.00,1
218.00,139.00,300.00,1
219.00,138.00,299.00,1
218.00,138.00,299.00,1
216.00,138.00,299.00,1
212.00,137.00,298.00,1
217.00,137.00,298.00,1
218.00,137.00,298.00,1
219.00,137.00,298.00,1
219.00,137.00,298.00,1
218.00,136.00,297.00,1
217.00,137.00,298.00,1
217.00,137.00,297.00,1
216.00,136.00,297.00,1
216.00,137.00,297.00,1
213.00,137.00,297.00,1
216.00,137.00,297.00,1
216.00,137.00,297.00,1
218.00,137.00,297.00,1
218.00,138.00,297.00,1
215.00,136.00,293.00,1
214.00,137.00,293.00,1
215.00,137.00,293.00,1
204.00,97.00,274.00,2
198.00,94.00,266.00,2
190.00,94.00,258.00,2
199.00,95.00,271.00,2
185.00,111.00,253.00,2
183.00,103.00,251.00,2
181.00,102.00,248.00,2
215.00,126.00,283.00,2
286.00,156.00,333.00,2
295.00,117.00,324.00,2
139.00,89.00,132.00,2
250.00,139.00,237.00,2
309.00,136.00,313.00,2
314.00,139.00,388.00,2
335.00,114.00,370.00,2
301.00,107.00,331.00,2
277.00,104.00,315.00,2
369.00,107.00,309.00,2
326.00,106.00,304.00,2
332.00,102.00,298.00,2
330.00,95.00,293.00,2
405.00,93.00,289.00,2
369.00,93.00,287.00,2
331.00,98.00,286.00,2
336.00,97.00,284.00,2
358.00,97.00,286.00,2
314.00,96.00,294.00,2
287.00,100.00,316.00,2
269.00,101.00,328.00,2
256.00,103.00,300.00,2
250.00,100.00,296.00,2
237.00,95.00,280.00,2
233.00,106.00,289.00,2
230.00,144.00,403.00,2
217.00,98.00,365.00,2
217.00,90.00,327.00,2
228.00,154.00,361.00,2
218.00,99.00,338.00,2
301.00,94.00,326.00,2
346.00,92.00,306.00,2
309.00,92.00,301.00,2
286.00,91.00,294.00,2
268.00,93.00,288.00,2
254.00,94.00,282.00,2
326.00,87.00,268.00,2
282.00,483.00,333.00,2
272.00,549.00,341.00,2
424.00,190.00,328.00,2
528.00,155.00,304.00,2
551.00,129.00,286.00,2
539.00,113.00,278.00,2
491.00,106.00,273.00,2
420.00,100.00,285.00,2
377.00,183.00,369.00,2
339.00,112.00,426.00,2
398.00,103.00,412.00,2
376.00,101.00,357.00,2
423.00,106.00,328.00,2
364.00,109.00,359.00,2
345.00,118.00,410.00,2
414.00,132.00,373.00,2
434.00,119.00,462.00,2
472.00,166.00,465.00,2
515.00,138.00,439.00,2
482.00,120.00,436.00,2
516.00,120.00,410.00,2
448.00,110.00,427.00,2
434.00,165.00,446.00,2
498.00,175.00,494.00,2
477.00,160.00,447.00,2
495.00,116.00,410.00,2
580.00,112.00,375.00,2
673.00,97.00,343.00,2
598.00,98.00,316.00,2
487.00,102.00,306.00,2
481.00,100.00,405.00,2
395.00,162.00,333.00,2
347.00,174.00,302.00,2
325.00,183.00,292.00,2
356.00,144.00,302.00,2
365.00,140.00,316.00,2
340.00,119.00,337.00,2
303.00,109.00,314.00,2
289.00,108.00,302.00,2
271.00,100.00,285.00,2
300.00,128.00,367.00,2
305.00,124.00,347.00,2
334.00,162.00,363.00,2
285.00,94.00,300.00,2
290.00,109.00,319.00,2
335.00,108.00,329.00,2
269.00,101.00,312.00,2
286.00,142.00,352.00,2
279.00,117.00,327.00,2
298.00,134.00,359.00,2
296.00,104.00,320.00,2
284.00,101.00,315.00,2
252.00,87.00,286.00,2
316.00,130.00,336.00,2
323.00,106.00,329.00,2
274.00,108.00,320.00,2
241.00,85.00,284.00,2
304.00,84.00,278.00,2
249.00,81.00,271.00,2
262.00,92.00,289.00,2
252.00,88.00,281.00,2
253.00,91.00,284.00,2
246.00,94.00,286.00,2
302.00,127.00,333.00,2
289.00,105.00,315.00,2
270.00,102.00,313.00,2
272.00,103.00,312.00,2
256.00,98.00,300.00,2
236.00,90.00,286.00,2
236.00,88.00,278.00,2
224.00,83.00,269.00,2
224.00,85.00,270.00,2
222.00,83.00,267.00,2
234.00,104.00,299.00,2
296.00,108.00,319.00,2
260.00,91.00,292.00,2
236.00,85.00,275.00,2
227.00,85.00,271.00,2
219.00,83.00,267.00,2
212.00,80.00,262.00,2
206.00,79.00,259.00,2
220.00,95.00,275.00,2
226.00,89.00,274.00,2
216.00,85.00,266.00,2
209.00,85.00,265.00,2
203.00,81.00,260.00,2
199.00,79.00,256.00,2
196.00,78.00,254.00,2
325.00,117.00,327.00,2
266.00,104.00,320.00,2
250.00,86.00,285.00,2
246.00,93.00,288.00,2
276.00,113.00,332.00,2
254.00,99.00,300.00,2
259.00,88.00,281.00,2
250.00,92.00,284.00,2
299.00,113.00,300.00,2
298.00,117.00,308.00,2
276.00,105.00,310.00,2
246.00,87.00,281.00,2
235.00,86.00,272.00,2
230.00,84.00,264.00,2
220.00,82.00,260.00,2
213.00,80.00,256.00,2
208.00,83.00,257.00,2
216.00,91.00,272.00,2
222.00,94.00,277.00,2
221.00,87.00,270.00,2
230.00,87.00,269.00,2
247.00,107.00,293.00,2
286.00,108.00,316.00,2
254.00,103.00,297.00,2
235.00,96.00,286.00,2
283.00,118.00,325.00,2
254.00,102.00,300.00,2
234.00,89.00,278.00,2
221.00,84.00,266.00,2
227.00,88.00,270.00,2
146.00,88.00,243.00,1
145.00,89.00,243.00,1
146.00,88.00,244.00,1
145.00,88.00,243.00,1
145.00,88.00,243.00,1
145.00,87.00,243.00,1
145.00,87.00,242.00,1
145.00,87.00,242.00,1
145.00,87.00,242.00,1
145.00,87.00,242.00,1
144.00,87.00,242.00,1
144.00,87.00,241.00,1
144.00,87.00,241.00,1
144.00,87.00,241.00,1
144.00,87.00,241.00,1
144.00,87.00,241.00,1
144.00,86.00,241.00,1
144.00,86.00,241.00,1
144.00,85.00,240.00,1
143.00,86.00,240.00,1
143.00,85.00,240.00,1
143.00,86.00,240.00,1
143.00,87.00,240.00,1
143.00,86.00,240.00,1
143.00,85.00,240.00,1
143.00,85.00,240.00,1
143.00,84.00,239.00,1
143.00,81.00,239.00,1
142.00,80.00,239.00,1
142.00,80.00,239.00,1
142.00,80.00,239.00,1
142.00,80.00,239.00,1
142.00,80.00,239.00,1
142.00,80.00,238.00,1
142.00,80.00,238.00,1
142.00,80.00,238.00,1
142.00,80.00,238.00,1
142.00,80.00,238.00,1
142.00,81.00,238.00,1
142.00,81.00,238.00,1
141.00,80.00,238.00,1
141.00,80.00,237.00,1
141.00,81.00,237.00,1
141.00,81.00,237.00,1
141.00,82.00,237.00,1
141.00,81.00,237.00,1
141.00,81.00,237.00,1
141.00,81.00,237.00,1
141.00,81.00,237.00,1
141.00,81.00,236.00,1
141.00,80.00,236.00,1
141.00,80.00,236.00,1
141.00,80.00,236.00,1
140.00,80.00,236.00,1
140.00,80.00,236.00,1
140.00,80.00,236.00,1
140.00,80.00,236.00,1
140.00,79.00,236.00,1
140.00,80.00,236.00,1
140.00,80.00,235.00,1
140.00,80.00,235.00,1
140.00,80.00,235.00,1
140.00,80.00,235.00,1
140.00,80.00,235.00,1
140.00,79.00,235.00,1
140.00,79.00,235.00,1
140.00,79.00,234.00,1
139.00,80.00,234.00,1
139.00,80.00,234.00,1
139.00,80.00,234.00,1
139.00,80.00,234.00,1
139.00,80.00,234.00,1
139.00,79.00,234.00,1
139.00,79.00,234.00,1
139.00,79.00,234.00,1
139.00,79.00,233.00,1
139.00,79.00,233.00,1
139.00,79.00,233.00,1
139.00,79.00,233.00,1
139.00,79.00,233.00,1
138.00,79.00,233.00,1
138.00,79.00,233.00,1
138.00,79.00,232.00,1
138.00,79.00,233.00,1
139.00,79.00,233.00,1
139.00,79.00,233.00,1
139.00,79.00,233.00,1
139.00,78.00,233.00,1
139.00,78.00,233.00,1
139.00,78.00,232.00,1
138.00,78.00,232.00,1
138.00,78.00,232.00,1
138.00,78.00,232.00,1
138.00,78.00,232.00,1
138.00,78.00,232.00,1
138.00,78.00,232.00,1
138.00,78.00,232.00,1
138.00,78.00,231.00,1
138.00,78.00,231.00,1
138.00,78.00,231.00,1
138.00,78.00,231.00,1
138.00,78.00,232.00,1
137.00,78.00,231.00,1
137.00,78.00,230.00,1
137.00,78.00,231.00,1
137.00,78.00,230.00,1
137.00,77.00,230.00,1
137.00,78.00,230.00,1
137.00,77.00,230.00,1
137.00,77.00,230.00,1
137.00,77.00,230.00,1
137.00,77.00,230.00,1
137.00,77.00,230.00,1
137.00,77.00,230.00,1
137.00,77.00,229.00,1
137.00,77.00,229.00,1
136.00,77.00,229.00,1
136.00,77.00,229.00,1
136.00,78.00,229.00,1
136.00,77.00,229.00,1
136.00,77.00,229.00,1
136.00,77.00,229.00,1
136.00,77.00,229.00,1
136.00,77.00,228.00,1
136.00,77.00,229.00,1
136.00,77.00,228.00,1
136.00,77.00,228.00,1
136.00,77.00,228.00,1
136.00,77.00,228.00,1
136.00,77.00,228.00,1
136.00,77.00,228.00,1
136.00,77.00,228.00,1
136.00,77.00,227.00,1
136.00,76.00,227.00,1
136.00,77.00,227.00,1
136.00,77.00,228.00,1
136.00,77.00,227.00,1
135.00,77.00,227.00,1
136.00,77.00,227.00,1
136.00,77.00,227.00,1
135.00,77.00,227.00,1
135.00,77.00,227.00,1
135.00,77.00,227.00,1
135.00,77.00,226.00,1
135.00,77.00,227.00,1
135.00,77.00,226.00,1
135.00,77.00,226.00,1
135.00,77.00,226.00,1
135.00,77.00,227.00,1
135.00,76.00,226.00,1
135.00,76.00,226.00,1
135.00,77.00,226.00,1
135.00,77.00,226.00,1
134.00,76.00,226.00,1
135.00,77.00,226.00,1
135.00,76.00,226.00,1
134.00,76.00,226.00,1
135.00,77.00,225.00,1
134.00,77.00,225.00,1
134.00,76.00,225.00,1
134.00,76.00,225.00,1
134.00,76.00,225.00,1
134.00,76.00,225.00,1
134.00,77.00,225.00,1
134.00,76.00,225.00,1
134.00,77.00,225.00,1
134.00,76.00,225.00,1
134.00,76.00,225.00,1
134.00,76.00,225.00,1
134.00,76.00,224.00,1
134.00,76.00,224.00,1
134.00,76.00,224.00,1
134.00,76.00,224.00,1
134.00,76.00,224.00,1
134.00,76.00,224.00,1
134.00,76.00,224.00,1
134.00,76.00,224.00,1
134.00,76.00,224.00,1
134.00,76.00,224.00,1
134.00,77.00,224.00,1
